	1.0000E-11
	1.0143E-11
	1.0287E-11
	1.0434E-11
	1.0583E-11
	1.0734E-11
	1.0887E-11
	1.1042E-11
	1.1200E-11
	1.1359E-11
	1.1521E-11
	1.1686E-11
	1.1852E-11
	1.2021E-11
	1.2193E-11
	1.2367E-11
	1.2543E-11
	1.2722E-11
	1.2904E-11
	1.3088E-11
	1.3274E-11
	1.3464E-11
	1.3656E-11
	1.3850E-11
	1.4048E-11
	1.4248E-11
	1.4452E-11
	1.4658E-11
	1.4867E-11
	1.5079E-11
	1.5294E-11
	1.5512E-11
	1.5733E-11
	1.5958E-11
	1.6185E-11
	1.6416E-11
	1.6650E-11
	1.6888E-11
	1.7129E-11
	1.7373E-11
	1.7621E-11
	1.7872E-11
	1.8127E-11
	1.8385E-11
	1.8648E-11
	1.8914E-11
	1.9183E-11
	1.9457E-11
	1.9734E-11
	2.0016E-11
	2.0301E-11
	2.0591E-11
	2.0885E-11
	2.1183E-11
	2.1485E-11
	2.1791E-11
	2.2102E-11
	2.2417E-11
	2.2737E-11
	2.3061E-11
	2.3390E-11
	2.3724E-11
	2.4062E-11
	2.4405E-11
	2.4753E-11
	2.5106E-11
	2.5464E-11
	2.5828E-11
	2.6196E-11
	2.6570E-11
	2.6949E-11
	2.7333E-11
	2.7723E-11
	2.8118E-11
	2.8519E-11
	2.8926E-11
	2.9339E-11
	2.9757E-11
	3.0181E-11
	3.0612E-11
	3.1049E-11
	3.1491E-11
	3.1941E-11
	3.2396E-11
	3.2858E-11
	3.3327E-11
	3.3802E-11
	3.4284E-11
	3.4773E-11
	3.5269E-11
	3.5772E-11
	3.6282E-11
	3.6800E-11
	3.7325E-11
	3.7857E-11
	3.8397E-11
	3.8945E-11
	3.9500E-11
	4.0064E-11
	4.0635E-11
	4.1215E-11
	4.1802E-11
	4.2399E-11
	4.3003E-11
	4.3617E-11
	4.4239E-11
	4.4870E-11
	4.5510E-11
	4.6159E-11
	4.6817E-11
	4.7485E-11
	4.8162E-11
	4.8849E-11
	4.9546E-11
	5.0253E-11
	5.0969E-11
	5.1696E-11
	5.2434E-11
	5.3182E-11
	5.3940E-11
	5.4709E-11
	5.5490E-11
	5.6281E-11
	5.7084E-11
	5.7898E-11
	5.8724E-11
	5.9561E-11
	6.0411E-11
	6.1273E-11
	6.2146E-11
	6.3033E-11
	6.3932E-11
	6.4844E-11
	6.5769E-11
	6.6707E-11
	6.7658E-11
	6.8623E-11
	6.9602E-11
	7.0595E-11
	7.1601E-11
	7.2623E-11
	7.3658E-11
	7.4709E-11
	7.5775E-11
	7.6855E-11
	7.7952E-11
	7.9063E-11
	8.0191E-11
	8.1335E-11
	8.2495E-11
	8.3671E-11
	8.4865E-11
	8.6075E-11
	8.7303E-11
	8.8548E-11
	8.9811E-11
	9.1092E-11
	9.2391E-11
	9.3709E-11
	9.5046E-11
	9.6401E-11
	9.7776E-11
	9.9171E-11
	1.0059E-10
	1.0202E-10
	1.0347E-10
	1.0495E-10
	1.0645E-10
	1.0797E-10
	1.0951E-10
	1.1107E-10
	1.1265E-10
	1.1426E-10
	1.1589E-10
	1.1754E-10
	1.1922E-10
	1.2092E-10
	1.2264E-10
	1.2439E-10
	1.2617E-10
	1.2797E-10
	1.2979E-10
	1.3164E-10
	1.3352E-10
	1.3542E-10
	1.3736E-10
	1.3931E-10
	1.4130E-10
	1.4332E-10
	1.4536E-10
	1.4743E-10
	1.4954E-10
	1.5167E-10
	1.5383E-10
	1.5603E-10
	1.5825E-10
	1.6051E-10
	1.6280E-10
	1.6512E-10
	1.6748E-10
	1.6986E-10
	1.7229E-10
	1.7474E-10
	1.7724E-10
	1.7976E-10
	1.8233E-10
	1.8493E-10
	1.8757E-10
	1.9024E-10
	1.9296E-10
	1.9571E-10
	1.9850E-10
	2.0133E-10
	2.0420E-10
	2.0711E-10
	2.1007E-10
	2.1306E-10
	2.1610E-10
	2.1919E-10
	2.2231E-10
	2.2548E-10
	2.2870E-10
	2.3196E-10
	2.3527E-10
	2.3862E-10
	2.4203E-10
	2.4548E-10
	2.4898E-10
	2.5253E-10
	2.5613E-10
	2.5979E-10
	2.6349E-10
	2.6725E-10
	2.7106E-10
	2.7493E-10
	2.7885E-10
	2.8283E-10
	2.8686E-10
	2.9095E-10
	2.9510E-10
	2.9931E-10
	3.0358E-10
	3.0791E-10
	3.1230E-10
	3.1676E-10
	3.2127E-10
	3.2586E-10
	3.3050E-10
	3.3522E-10
	3.4000E-10
	3.4485E-10
	3.4977E-10
	3.5476E-10
	3.5982E-10
	3.6495E-10
	3.7015E-10
	3.7543E-10
	3.8079E-10
	3.8622E-10
	3.9173E-10
	3.9731E-10
	4.0298E-10
	4.0873E-10
	4.1456E-10
	4.2047E-10
	4.2647E-10
	4.3255E-10
	4.3872E-10
	4.4498E-10
	4.5132E-10
	4.5776E-10
	4.6429E-10
	4.7091E-10
	4.7763E-10
	4.8444E-10
	4.9135E-10
	4.9836E-10
	5.0547E-10
	5.1268E-10
	5.1999E-10
	5.2740E-10
	5.3493E-10
	5.4256E-10
	5.5030E-10
	5.5814E-10
	5.6610E-10
	5.7418E-10
	5.8237E-10
	5.9067E-10
	5.9910E-10
	6.0764E-10
	6.1631E-10
	6.2510E-10
	6.3402E-10
	6.4306E-10
	6.5223E-10
	6.6153E-10
	6.7097E-10
	6.8054E-10
	6.9025E-10
	7.0009E-10
	7.1008E-10
	7.2020E-10
	7.3048E-10
	7.4089E-10
	7.5146E-10
	7.6218E-10
	7.7305E-10
	7.8408E-10
	7.9526E-10
	8.0660E-10
	8.1811E-10
	8.2978E-10
	8.4161E-10
	8.5361E-10
	8.6579E-10
	8.7814E-10
	8.9066E-10
	9.0337E-10
	9.1625E-10
	9.2932E-10
	9.4257E-10
	9.5602E-10
	9.6965E-10
	9.8348E-10
	9.9751E-10
	1.0117E-09
	1.0262E-09
	1.0408E-09
	1.0556E-09
	1.0707E-09
	1.0860E-09
	1.1015E-09
	1.1172E-09
	1.1331E-09
	1.1493E-09
	1.1657E-09
	1.1823E-09
	1.1992E-09
	1.2163E-09
	1.2336E-09
	1.2512E-09
	1.2690E-09
	1.2871E-09
	1.3055E-09
	1.3241E-09
	1.3430E-09
	1.3622E-09
	1.3816E-09
	1.4013E-09
	1.4213E-09
	1.4416E-09
	1.4621E-09
	1.4830E-09
	1.5041E-09
	1.5256E-09
	1.5473E-09
	1.5694E-09
	1.5918E-09
	1.6145E-09
	1.6375E-09
	1.6609E-09
	1.6846E-09
	1.7086E-09
	1.7330E-09
	1.7577E-09
	1.7827E-09
	1.8082E-09
	1.8340E-09
	1.8601E-09
	1.8866E-09
	1.9136E-09
	1.9408E-09
	1.9685E-09
	1.9966E-09
	2.0251E-09
	2.0540E-09
	2.0833E-09
	2.1130E-09
	2.1431E-09
	2.1737E-09
	2.2047E-09
	2.2361E-09
	2.2680E-09
	2.3004E-09
	2.3332E-09
	2.3665E-09
	2.4002E-09
	2.4344E-09
	2.4692E-09
	2.5044E-09
	2.5401E-09
	2.5763E-09
	2.6131E-09
	2.6503E-09
	2.6881E-09
	2.7265E-09
	2.7654E-09
	2.8048E-09
	2.8448E-09
	2.8854E-09
	2.9266E-09
	2.9683E-09
	3.0106E-09
	3.0536E-09
	3.0971E-09
	3.1413E-09
	3.1861E-09
	3.2315E-09
	3.2776E-09
	3.3244E-09
	3.3718E-09
	3.4199E-09
	3.4687E-09
	3.5181E-09
	3.5683E-09
	3.6192E-09
	3.6708E-09
	3.7232E-09
	3.7763E-09
	3.8302E-09
	3.8848E-09
	3.9402E-09
	3.9964E-09
	4.0534E-09
	4.1112E-09
	4.1698E-09
	4.2293E-09
	4.2896E-09
	4.3508E-09
	4.4129E-09
	4.4758E-09
	4.5397E-09
	4.6044E-09
	4.6701E-09
	4.7367E-09
	4.8042E-09
	4.8728E-09
	4.9423E-09
	5.0128E-09
	5.0842E-09
	5.1568E-09
	5.2303E-09
	5.3049E-09
	5.3806E-09
	5.4573E-09
	5.5352E-09
	5.6141E-09
	5.6942E-09
	5.7754E-09
	5.8578E-09
	5.9413E-09
	6.0261E-09
	6.1120E-09
	6.1992E-09
	6.2876E-09
	6.3773E-09
	6.4682E-09
	6.5605E-09
	6.6541E-09
	6.7490E-09
	6.8452E-09
	6.9429E-09
	7.0419E-09
	7.1423E-09
	7.2442E-09
	7.3475E-09
	7.4523E-09
	7.5586E-09
	7.6664E-09
	7.7757E-09
	7.8866E-09
	7.9991E-09
	8.1132E-09
	8.2289E-09
	8.3463E-09
	8.4654E-09
	8.5861E-09
	8.7086E-09
	8.8328E-09
	8.9587E-09
	9.0865E-09
	9.2161E-09
	9.3476E-09
	9.4809E-09
	9.6161E-09
	9.7533E-09
	9.8924E-09
	1.0033E-08
	1.0177E-08
	1.0322E-08
	1.0469E-08
	1.0618E-08
	1.0770E-08
	1.0923E-08
	1.1079E-08
	1.1237E-08
	1.1397E-08
	1.1560E-08
	1.1725E-08
	1.1892E-08
	1.2062E-08
	1.2234E-08
	1.2408E-08
	1.2585E-08
	1.2765E-08
	1.2947E-08
	1.3131E-08
	1.3319E-08
	1.3509E-08
	1.3701E-08
	1.3897E-08
	1.4095E-08
	1.4296E-08
	1.4500E-08
	1.4707E-08
	1.4916E-08
	1.5129E-08
	1.5345E-08
	1.5564E-08
	1.5786E-08
	1.6011E-08
	1.6239E-08
	1.6471E-08
	1.6706E-08
	1.6944E-08
	1.7186E-08
	1.7431E-08
	1.7680E-08
	1.7932E-08
	1.8187E-08
	1.8447E-08
	1.8710E-08
	1.8977E-08
	1.9248E-08
	1.9522E-08
	1.9800E-08
	2.0083E-08
	2.0369E-08
	2.0660E-08
	2.0955E-08
	2.1253E-08
	2.1557E-08
	2.1864E-08
	2.2176E-08
	2.2492E-08
	2.2813E-08
	2.3138E-08
	2.3468E-08
	2.3803E-08
	2.4143E-08
	2.4487E-08
	2.4836E-08
	2.5190E-08
	2.5550E-08
	2.5914E-08
	2.6284E-08
	2.6659E-08
	2.7039E-08
	2.7424E-08
	2.7816E-08
	2.8212E-08
	2.8615E-08
	2.9023E-08
	2.9437E-08
	2.9857E-08
	3.0282E-08
	3.0714E-08
	3.1152E-08
	3.1597E-08
	3.2047E-08
	3.2505E-08
	3.2968E-08
	3.3438E-08
	3.3915E-08
	3.4399E-08
	3.4890E-08
	3.5387E-08
	3.5892E-08
	3.6404E-08
	3.6923E-08
	3.7450E-08
	3.7984E-08
	3.8526E-08
	3.9075E-08
	3.9632E-08
	4.0198E-08
	4.0771E-08
	4.1353E-08
	4.1942E-08
	4.2541E-08
	4.3147E-08
	4.3763E-08
	4.4387E-08
	4.5020E-08
	4.5662E-08
	4.6313E-08
	4.6974E-08
	4.7644E-08
	4.8324E-08
	4.9013E-08
	4.9712E-08
	5.0421E-08
	5.1140E-08
	5.1869E-08
	5.2609E-08
	5.3360E-08
	5.4121E-08
	5.4893E-08
	5.5675E-08
	5.6470E-08
	5.7275E-08
	5.8092E-08
	5.8920E-08
	5.9761E-08
	6.0613E-08
	6.1478E-08
	6.2354E-08
	6.3244E-08
	6.4146E-08
	6.5061E-08
	6.5989E-08
	6.6930E-08
	6.7885E-08
	6.8853E-08
	6.9835E-08
	7.0831E-08
	7.1841E-08
	7.2866E-08
	7.3905E-08
	7.4959E-08
	7.6028E-08
	7.7113E-08
	7.8212E-08
	7.9328E-08
	8.0459E-08
	8.1607E-08
	8.2771E-08
	8.3952E-08
	8.5149E-08
	8.6363E-08
	8.7595E-08
	8.8845E-08
	9.0112E-08
	9.1397E-08
	9.2701E-08
	9.4023E-08
	9.5364E-08
	9.6724E-08
	9.8103E-08
	9.9503E-08
	1.0092E-07
	1.0236E-07
	1.0382E-07
	1.0530E-07
	1.0680E-07
	1.0833E-07
	1.0987E-07
	1.1144E-07
	1.1303E-07
	1.1464E-07
	1.1628E-07
	1.1793E-07
	1.1962E-07
	1.2132E-07
	1.2305E-07
	1.2481E-07
	1.2659E-07
	1.2839E-07
	1.3023E-07
	1.3208E-07
	1.3397E-07
	1.3588E-07
	1.3782E-07
	1.3978E-07
	1.4177E-07
	1.4380E-07
	1.4585E-07
	1.4793E-07
	1.5004E-07
	1.5218E-07
	1.5435E-07
	1.5655E-07
	1.5878E-07
	1.6105E-07
	1.6334E-07
	1.6567E-07
	1.6804E-07
	1.7043E-07
	1.7286E-07
	1.7533E-07
	1.7783E-07
	1.8037E-07
	1.8294E-07
	1.8555E-07
	1.8819E-07
	1.9088E-07
	1.9360E-07
	1.9636E-07
	1.9916E-07
	2.0200E-07
	2.0489E-07
	2.0781E-07
	2.1077E-07
	2.1378E-07
	2.1683E-07
	2.1992E-07
	2.2306E-07
	2.2624E-07
	2.2946E-07
	2.3274E-07
	2.3606E-07
	2.3942E-07
	2.4284E-07
	2.4630E-07
	2.4981E-07
	2.5338E-07
	2.5699E-07
	2.6066E-07
	2.6437E-07
	2.6815E-07
	2.7197E-07
	2.7585E-07
	2.7978E-07
	2.8377E-07
	2.8782E-07
	2.9193E-07
	2.9609E-07
	3.0031E-07
	3.0460E-07
	3.0894E-07
	3.1335E-07
	3.1782E-07
	3.2235E-07
	3.2695E-07
	3.3161E-07
	3.3634E-07
	3.4114E-07
	3.4600E-07
	3.5094E-07
	3.5594E-07
	3.6102E-07
	3.6617E-07
	3.7139E-07
	3.7669E-07
	3.8206E-07
	3.8751E-07
	3.9304E-07
	3.9864E-07
	4.0433E-07
	4.1010E-07
	4.1595E-07
	4.2188E-07
	4.2790E-07
	4.3400E-07
	4.4019E-07
	4.4647E-07
	4.5283E-07
	4.5929E-07
	4.6584E-07
	4.7249E-07
	4.7923E-07
	4.8606E-07
	4.9300E-07
	5.0003E-07
	5.0716E-07
	5.1439E-07
	5.2173E-07
	5.2917E-07
	5.3672E-07
	5.4437E-07
	5.5214E-07
	5.6001E-07
	5.6800E-07
	5.7610E-07
	5.8432E-07
	5.9265E-07
	6.0110E-07
	6.0968E-07
	6.1837E-07
	6.2719E-07
	6.3614E-07
	6.4521E-07
	6.5441E-07
	6.6375E-07
	6.7322E-07
	6.8282E-07
	6.9256E-07
	7.0243E-07
	7.1245E-07
	7.2261E-07
	7.3292E-07
	7.4337E-07
	7.5398E-07
	7.6473E-07
	7.7564E-07
	7.8670E-07
	7.9792E-07
	8.0930E-07
	8.2085E-07
	8.3255E-07
	8.4443E-07
	8.5647E-07
	8.6869E-07
	8.8108E-07
	8.9364E-07
	9.0639E-07
	9.1932E-07
	9.3243E-07
	9.4573E-07
	9.5922E-07
	9.7290E-07
	9.8678E-07
	1.0008E-06
	1.0151E-06
	1.0296E-06
	1.0443E-06
	1.0592E-06
	1.0743E-06
	1.0896E-06
	1.1052E-06
	1.1209E-06
	1.1369E-06
	1.1531E-06
	1.1696E-06
	1.1862E-06
	1.2032E-06
	1.2203E-06
	1.2377E-06
	1.2554E-06
	1.2733E-06
	1.2915E-06
	1.3099E-06
	1.3286E-06
	1.3475E-06
	1.3667E-06
	1.3862E-06
	1.4060E-06
	1.4260E-06
	1.4464E-06
	1.4670E-06
	1.4879E-06
	1.5092E-06
	1.5307E-06
	1.5525E-06
	1.5747E-06
	1.5971E-06
	1.6199E-06
	1.6430E-06
	1.6664E-06
	1.6902E-06
	1.7143E-06
	1.7388E-06
	1.7636E-06
	1.7887E-06
	1.8142E-06
	1.8401E-06
	1.8663E-06
	1.8930E-06
	1.9200E-06
	1.9473E-06
	1.9751E-06
	2.0033E-06
	2.0319E-06
	2.0608E-06
	2.0902E-06
	2.1200E-06
	2.1503E-06
	2.1810E-06
	2.2121E-06
	2.2436E-06
	2.2756E-06
	2.3081E-06
	2.3410E-06
	2.3744E-06
	2.4082E-06
	2.4426E-06
	2.4774E-06
	2.5128E-06
	2.5486E-06
	2.5850E-06
	2.6218E-06
	2.6592E-06
	2.6971E-06
	2.7356E-06
	2.7746E-06
	2.8142E-06
	2.8543E-06
	2.8951E-06
	2.9364E-06
	2.9782E-06
	3.0207E-06
	3.0638E-06
	3.1075E-06
	3.1518E-06
	3.1968E-06
	3.2424E-06
	3.2886E-06
	3.3355E-06
	3.3831E-06
	3.4313E-06
	3.4803E-06
	3.5299E-06
	3.5803E-06
	3.6313E-06
	3.6831E-06
	3.7357E-06
	3.7889E-06
	3.8430E-06
	3.8978E-06
	3.9534E-06
	4.0098E-06
	4.0670E-06
	4.1250E-06
	4.1838E-06
	4.2435E-06
	4.3040E-06
	4.3654E-06
	4.4276E-06
	4.4908E-06
	4.5548E-06
	4.6198E-06
	4.6857E-06
	4.7525E-06
	4.8203E-06
	4.8891E-06
	4.9588E-06
	5.0295E-06
	5.1013E-06
	5.1740E-06
	5.2478E-06
	5.3227E-06
	5.3986E-06
	5.4756E-06
	5.5537E-06
	5.6329E-06
	5.7132E-06
	5.7947E-06
	5.8774E-06
	5.9612E-06
	6.0462E-06
	6.1325E-06
	6.2199E-06
	6.3086E-06
	6.3986E-06
	6.4899E-06
	6.5824E-06
	6.6763E-06
	6.7716E-06
	6.8681E-06
	6.9661E-06
	7.0654E-06
	7.1662E-06
	7.2684E-06
	7.3721E-06
	7.4772E-06
	7.5839E-06
	7.6921E-06
	7.8018E-06
	7.9130E-06
	8.0259E-06
	8.1404E-06
	8.2565E-06
	8.3743E-06
	8.4937E-06
	8.6148E-06
	8.7377E-06
	8.8623E-06
	8.9887E-06
	9.1169E-06
	9.2470E-06
	9.3789E-06
	9.5126E-06
	9.6483E-06
	9.7859E-06
	9.9255E-06
	1.0067E-05
	1.0211E-05
	1.0356E-05
	1.0504E-05
	1.0654E-05
	1.0806E-05
	1.0960E-05
	1.1116E-05
	1.1275E-05
	1.1436E-05
	1.1599E-05
	1.1764E-05
	1.1932E-05
	1.2102E-05
	1.2275E-05
	1.2450E-05
	1.2627E-05
	1.2807E-05
	1.2990E-05
	1.3175E-05
	1.3363E-05
	1.3554E-05
	1.3747E-05
	1.3943E-05
	1.4142E-05
	1.4344E-05
	1.4548E-05
	1.4756E-05
	1.4966E-05
	1.5180E-05
	1.5396E-05
	1.5616E-05
	1.5839E-05
	1.6065E-05
	1.6294E-05
	1.6526E-05
	1.6762E-05
	1.7001E-05
	1.7243E-05
	1.7489E-05
	1.7739E-05
	1.7992E-05
	1.8248E-05
	1.8509E-05
	1.8773E-05
	1.9040E-05
	1.9312E-05
	1.9587E-05
	1.9867E-05
	2.0150E-05
	2.0438E-05
	2.0729E-05
	2.1025E-05
	2.1325E-05
	2.1629E-05
	2.1937E-05
	2.2250E-05
	2.2567E-05
	2.2889E-05
	2.3216E-05
	2.3547E-05
	2.3883E-05
	2.4223E-05
	2.4569E-05
	2.4919E-05
	2.5275E-05
	2.5635E-05
	2.6001E-05
	2.6372E-05
	2.6748E-05
	2.7129E-05
	2.7516E-05
	2.7909E-05
	2.8307E-05
	2.8710E-05
	2.9120E-05
	2.9535E-05
	2.9957E-05
	3.0384E-05
	3.0817E-05
	3.1257E-05
	3.1703E-05
	3.2155E-05
	3.2613E-05
	3.3079E-05
	3.3550E-05
	3.4029E-05
	3.4514E-05
	3.5006E-05
	3.5506E-05
	3.6012E-05
	3.6526E-05
	3.7047E-05
	3.7575E-05
	3.8111E-05
	3.8655E-05
	3.9206E-05
	3.9765E-05
	4.0332E-05
	4.0908E-05
	4.1491E-05
	4.2083E-05
	4.2683E-05
	4.3292E-05
	4.3909E-05
	4.4536E-05
	4.5171E-05
	4.5815E-05
	4.6468E-05
	4.7131E-05
	4.7803E-05
	4.8485E-05
	4.9177E-05
	4.9878E-05
	5.0590E-05
	5.1311E-05
	5.2043E-05
	5.2785E-05
	5.3538E-05
	5.4302E-05
	5.5076E-05
	5.5862E-05
	5.6659E-05
	5.7467E-05
	5.8286E-05
	5.9118E-05
	5.9961E-05
	6.0816E-05
	6.1683E-05
	6.2563E-05
	6.3456E-05
	6.4361E-05
	6.5279E-05
	6.6210E-05
	6.7154E-05
	6.8112E-05
	6.9083E-05
	7.0069E-05
	7.1068E-05
	7.2082E-05
	7.3110E-05
	7.4152E-05
	7.5210E-05
	7.6283E-05
	7.7371E-05
	7.8474E-05
	7.9594E-05
	8.0729E-05
	8.1880E-05
	8.3048E-05
	8.4233E-05
	8.5434E-05
	8.6652E-05
	8.7888E-05
	8.9142E-05
	9.0413E-05
	9.1703E-05
	9.3011E-05
	9.4337E-05
	9.5683E-05
	9.7048E-05
	9.8432E-05
	9.9836E-05
	1.0126E-04
	1.0270E-04
	1.0417E-04
	1.0565E-04
	1.0716E-04
	1.0869E-04
	1.1024E-04
	1.1181E-04
	1.1341E-04
	1.1502E-04
	1.1667E-04
	1.1833E-04
	1.2002E-04
	1.2173E-04
	1.2346E-04
	1.2523E-04
	1.2701E-04
	1.2882E-04
	1.3066E-04
	1.3252E-04
	1.3441E-04
	1.3633E-04
	1.3828E-04
	1.4025E-04
	1.4225E-04
	1.4428E-04
	1.4634E-04
	1.4842E-04
	1.5054E-04
	1.5269E-04
	1.5486E-04
	1.5707E-04
	1.5931E-04
	1.6159E-04
	1.6389E-04
	1.6623E-04
	1.6860E-04
	1.7100E-04
	1.7344E-04
	1.7592E-04
	1.7843E-04
	1.8097E-04
	1.8355E-04
	1.8617E-04
	1.8882E-04
	1.9152E-04
	1.9425E-04
	1.9702E-04
	1.9983E-04
	2.0268E-04
	2.0557E-04
	2.0850E-04
	2.1148E-04
	2.1449E-04
	2.1755E-04
	2.2066E-04
	2.2380E-04
	2.2699E-04
	2.3023E-04
	2.3352E-04
	2.3685E-04
	2.4022E-04
	2.4365E-04
	2.4713E-04
	2.5065E-04
	2.5423E-04
	2.5785E-04
	2.6153E-04
	2.6526E-04
	2.6904E-04
	2.7288E-04
	2.7677E-04
	2.8072E-04
	2.8472E-04
	2.8879E-04
	2.9290E-04
	2.9708E-04
	3.0132E-04
	3.0562E-04
	3.0998E-04
	3.1440E-04
	3.1888E-04
	3.2343E-04
	3.2804E-04
	3.3272E-04
	3.3747E-04
	3.4228E-04
	3.4716E-04
	3.5211E-04
	3.5714E-04
	3.6223E-04
	3.6740E-04
	3.7264E-04
	3.7795E-04
	3.8334E-04
	3.8881E-04
	3.9435E-04
	3.9998E-04
	4.0568E-04
	4.1147E-04
	4.1734E-04
	4.2329E-04
	4.2933E-04
	4.3545E-04
	4.4166E-04
	4.4796E-04
	4.5435E-04
	4.6083E-04
	4.6740E-04
	4.7407E-04
	4.8083E-04
	4.8769E-04
	4.9465E-04
	5.0170E-04
	5.0886E-04
	5.1611E-04
	5.2348E-04
	5.3094E-04
	5.3851E-04
	5.4620E-04
	5.5399E-04
	5.6189E-04
	5.6990E-04
	5.7803E-04
	5.8627E-04
	5.9464E-04
	6.0312E-04
	6.1172E-04
	6.2044E-04
	6.2929E-04
	6.3827E-04
	6.4737E-04
	6.5661E-04
	6.6597E-04
	6.7547E-04
	6.8510E-04
	6.9487E-04
	7.0479E-04
	7.1484E-04
	7.2503E-04
	7.3537E-04
	7.4586E-04
	7.5650E-04
	7.6729E-04
	7.7823E-04
	7.8933E-04
	8.0059E-04
	8.1201E-04
	8.2359E-04
	8.3534E-04
	8.4725E-04
	8.5934E-04
	8.7160E-04
	8.8403E-04
	8.9664E-04
	9.0942E-04
	9.2239E-04
	9.3555E-04
	9.4889E-04
	9.6243E-04
	9.7616E-04
	9.9008E-04
	1.0042E-03
	1.0185E-03
	1.0330E-03
	1.0478E-03
	1.0627E-03
	1.0779E-03
	1.0933E-03
	1.1089E-03
	1.1247E-03
	1.1407E-03
	1.1570E-03
	1.1735E-03
	1.1902E-03
	1.2072E-03
	1.2244E-03
	1.2419E-03
	1.2596E-03
	1.2776E-03
	1.2958E-03
	1.3143E-03
	1.3330E-03
	1.3520E-03
	1.3713E-03
	1.3909E-03
	1.4107E-03
	1.4308E-03
	1.4512E-03
	1.4719E-03
	1.4929E-03
	1.5142E-03
	1.5358E-03
	1.5577E-03
	1.5799E-03
	1.6025E-03
	1.6253E-03
	1.6485E-03
	1.6720E-03
	1.6959E-03
	1.7200E-03
	1.7446E-03
	1.7695E-03
	1.7947E-03
	1.8203E-03
	1.8463E-03
	1.8726E-03
	1.8993E-03
	1.9264E-03
	1.9539E-03
	1.9817E-03
	2.0100E-03
	2.0387E-03
	2.0677E-03
	2.0972E-03
	2.1271E-03
	2.1575E-03
	2.1883E-03
	2.2195E-03
	2.2511E-03
	2.2832E-03
	2.3158E-03
	2.3488E-03
	2.3823E-03
	2.4163E-03
	2.4508E-03
	2.4857E-03
	2.5212E-03
	2.5571E-03
	2.5936E-03
	2.6306E-03
	2.6681E-03
	2.7062E-03
	2.7448E-03
	2.7839E-03
	2.8236E-03
	2.8639E-03
	2.9047E-03
	2.9462E-03
	2.9882E-03
	3.0308E-03
	3.0740E-03
	3.1179E-03
	3.1624E-03
	3.2075E-03
	3.2532E-03
	3.2996E-03
	3.3467E-03
	3.3944E-03
	3.4428E-03
	3.4919E-03
	3.5417E-03
	3.5922E-03
	3.6435E-03
	3.6955E-03
	3.7482E-03
	3.8016E-03
	3.8558E-03
	3.9108E-03
	3.9666E-03
	4.0232E-03
	4.0806E-03
	4.1388E-03
	4.1978E-03
	4.2577E-03
	4.3184E-03
	4.3800E-03
	4.4425E-03
	4.5058E-03
	4.5701E-03
	4.6353E-03
	4.7014E-03
	4.7684E-03
	4.8365E-03
	4.9054E-03
	4.9754E-03
	5.0464E-03
	5.1183E-03
	5.1913E-03
	5.2654E-03
	5.3405E-03
	5.4167E-03
	5.4939E-03
	5.5723E-03
	5.6517E-03
	5.7324E-03
	5.8141E-03
	5.8970E-03
	5.9812E-03
	6.0665E-03
	6.1530E-03
	6.2407E-03
	6.3298E-03
	6.4200E-03
	6.5116E-03
	6.6045E-03
	6.6987E-03
	6.7942E-03
	6.8911E-03
	6.9894E-03
	7.0891E-03
	7.1902E-03
	7.2928E-03
	7.3968E-03
	7.5023E-03
	7.6093E-03
	7.7178E-03
	7.8279E-03
	7.9395E-03
	8.0528E-03
	8.1676E-03
	8.2841E-03
	8.4023E-03
	8.5221E-03
	8.6437E-03
	8.7670E-03
	8.8920E-03
	9.0188E-03
	9.1475E-03
	9.2779E-03
	9.4103E-03
	9.5445E-03
	9.6806E-03
	9.8187E-03
	9.9587E-03
	1.0101E-02
	1.0245E-02
	1.0391E-02
	1.0539E-02
	1.0689E-02
	1.0842E-02
	1.0997E-02
	1.1153E-02
	1.1312E-02
	1.1474E-02
	1.1637E-02
	1.1803E-02
	1.1972E-02
	1.2143E-02
	1.2316E-02
	1.2491E-02
	1.2670E-02
	1.2850E-02
	1.3034E-02
	1.3219E-02
	1.3408E-02
	1.3599E-02
	1.3793E-02
	1.3990E-02
	1.4189E-02
	1.4392E-02
	1.4597E-02
	1.4805E-02
	1.5016E-02
	1.5231E-02
	1.5448E-02
	1.5668E-02
	1.5892E-02
	1.6118E-02
	1.6348E-02
	1.6581E-02
	1.6818E-02
	1.7058E-02
	1.7301E-02
	1.7548E-02
	1.7798E-02
	1.8052E-02
	1.8309E-02
	1.8571E-02
	1.8835E-02
	1.9104E-02
	1.9377E-02
	1.9653E-02
	1.9933E-02
	2.0218E-02
	2.0506E-02
	2.0798E-02
	2.1095E-02
	2.1396E-02
	2.1701E-02
	2.2011E-02
	2.2325E-02
	2.2643E-02
	2.2966E-02
	2.3293E-02
	2.3626E-02
	2.3963E-02
	2.4304E-02
	2.4651E-02
	2.5003E-02
	2.5359E-02
	2.5721E-02
	2.6088E-02
	2.6460E-02
	2.6837E-02
	2.7220E-02
	2.7608E-02
	2.8002E-02
	2.8402E-02
	2.8807E-02
	2.9217E-02
	2.9634E-02
	3.0057E-02
	3.0486E-02
	3.0920E-02
	3.1361E-02
	3.1809E-02
	3.2262E-02
	3.2723E-02
	3.3189E-02
	3.3663E-02
	3.4143E-02
	3.4630E-02
	3.5124E-02
	3.5625E-02
	3.6133E-02
	3.6648E-02
	3.7171E-02
	3.7701E-02
	3.8239E-02
	3.8784E-02
	3.9337E-02
	3.9898E-02
	4.0467E-02
	4.1044E-02
	4.1630E-02
	4.2224E-02
	4.2826E-02
	4.3437E-02
	4.4056E-02
	4.4685E-02
	4.5322E-02
	4.5968E-02
	4.6624E-02
	4.7289E-02
	4.7963E-02
	4.8648E-02
	4.9341E-02
	5.0045E-02
	5.0759E-02
	5.1483E-02
	5.2217E-02
	5.2962E-02
	5.3717E-02
	5.4484E-02
	5.5261E-02
	5.6049E-02
	5.6848E-02
	5.7659E-02
	5.8481E-02
	5.9316E-02
	6.0162E-02
	6.1020E-02
	6.1890E-02
	6.2773E-02
	6.3668E-02
	6.4576E-02
	6.5497E-02
	6.6431E-02
	6.7379E-02
	6.8340E-02
	6.9314E-02
	7.0303E-02
	7.1306E-02
	7.2323E-02
	7.3354E-02
	7.4401E-02
	7.5462E-02
	7.6538E-02
	7.7630E-02
	7.8737E-02
	7.9860E-02
	8.0999E-02
	8.2154E-02
	8.3326E-02
	8.4514E-02
	8.5720E-02
	8.6943E-02
	8.8183E-02
	8.9440E-02
	9.0716E-02
	9.2010E-02
	9.3322E-02
	9.4653E-02
	9.6003E-02
	9.7373E-02
	9.8761E-02
	1.0017E-01
	1.0160E-01
	1.0305E-01
	1.0452E-01
	1.0601E-01
	1.0752E-01
	1.0905E-01
	1.1061E-01
	1.1219E-01
	1.1379E-01
	1.1541E-01
	1.1706E-01
	1.1873E-01
	1.2042E-01
	1.2214E-01
	1.2388E-01
	1.2565E-01
	1.2744E-01
	1.2925E-01
	1.3110E-01
	1.3297E-01
	1.3486E-01
	1.3679E-01
	1.3874E-01
	1.4072E-01
	1.4273E-01
	1.4476E-01
	1.4683E-01
	1.4892E-01
	1.5104E-01
	1.5320E-01
	1.5538E-01
	1.5760E-01
	1.5985E-01
	1.6213E-01
	1.6444E-01
	1.6678E-01
	1.6916E-01
	1.7158E-01
	1.7402E-01
	1.7651E-01
	1.7902E-01
	1.8158E-01
	1.8417E-01
	1.8679E-01
	1.8946E-01
	1.9216E-01
	1.9490E-01
	1.9768E-01
	2.0050E-01
	2.0336E-01
	2.0626E-01
	2.0920E-01
	2.1219E-01
	2.1521E-01
	2.1828E-01
	2.2139E-01
	2.2455E-01
	2.2775E-01
	2.3100E-01
	2.3430E-01
	2.3764E-01
	2.4103E-01
	2.4447E-01
	2.4795E-01
	2.5149E-01
	2.5508E-01
	2.5872E-01
	2.6241E-01
	2.6615E-01
	2.6994E-01
	2.7379E-01
	2.7770E-01
	2.8166E-01
	2.8568E-01
	2.8975E-01
	2.9388E-01
	2.9808E-01
	3.0233E-01
	3.0664E-01
	3.1101E-01
	3.1545E-01
	3.1995E-01
	3.2451E-01
	3.2914E-01
	3.3383E-01
	3.3860E-01
	3.4343E-01
	3.4832E-01
	3.5329E-01
	3.5833E-01
	3.6344E-01
	3.6862E-01
	3.7388E-01
	3.7922E-01
	3.8462E-01
	3.9011E-01
	3.9567E-01
	4.0132E-01
	4.0704E-01
	4.1285E-01
	4.1874E-01
	4.2471E-01
	4.3077E-01
	4.3691E-01
	4.4314E-01
	4.4946E-01
	4.5587E-01
	4.6237E-01
	4.6897E-01
	4.7566E-01
	4.8244E-01
	4.8932E-01
	4.9630E-01
	5.0338E-01
	5.1056E-01
	5.1784E-01
	5.2523E-01
	5.3272E-01
	5.4032E-01
	5.4802E-01
	5.5584E-01
	5.6377E-01
	5.7181E-01
	5.7996E-01
	5.8824E-01
	5.9663E-01
	6.0514E-01
	6.1377E-01
	6.2252E-01
	6.3140E-01
	6.4041E-01
	6.4954E-01
	6.5880E-01
	6.6820E-01
	6.7773E-01
	6.8740E-01
	6.9720E-01
	7.0714E-01
	7.1723E-01
	7.2746E-01
	7.3784E-01
	7.4836E-01
	7.5903E-01
	7.6986E-01
	7.8084E-01
	7.9198E-01
	8.0327E-01
	8.1473E-01
	8.2635E-01
	8.3814E-01
	8.5009E-01
	8.6222E-01
	8.7451E-01
	8.8699E-01
	8.9964E-01
	9.1247E-01
	9.2548E-01
	9.3868E-01
	9.5207E-01
	9.6565E-01
	9.7942E-01
	9.9339E-01
	1.0076E+00
	1.0219E+00
	1.0365E+00
	1.0513E+00
	1.0663E+00
	1.0815E+00
	1.0969E+00
	1.1126E+00
	1.1284E+00
	1.1445E+00
	1.1609E+00
	1.1774E+00
	1.1942E+00
	1.2112E+00
	1.2285E+00
	1.2460E+00
	1.2638E+00
	1.2818E+00
	1.3001E+00
	1.3187E+00
	1.3375E+00
	1.3565E+00
	1.3759E+00
	1.3955E+00
	1.4154E+00
	1.4356E+00
	1.4561E+00
	1.4768E+00
	1.4979E+00
	1.5193E+00
	1.5409E+00
	1.5629E+00
	1.5852E+00
	1.6078E+00
	1.6308E+00
	1.6540E+00
	1.6776E+00
	1.7015E+00
	1.7258E+00
	1.7504E+00
	1.7754E+00
	1.8007E+00
	1.8264E+00
	1.8524E+00
	1.8789E+00
	1.9057E+00
	1.9328E+00
	1.9604E+00
	1.9884E+00
	2.0167E+00
	2.0455E+00
	2.0747E+00
	2.1043E+00
	2.1343E+00
	2.1647E+00
	2.1956E+00
	2.2269E+00
	2.2587E+00
	2.2909E+00
	2.3235E+00
	2.3567E+00
	2.3903E+00
	2.4244E+00
	2.4590E+00
	2.4940E+00
	2.5296E+00
	2.5657E+00
	2.6023E+00
	2.6394E+00
	2.6771E+00
	2.7152E+00
	2.7540E+00
	2.7932E+00
	2.8331E+00
	2.8735E+00
	2.9145E+00
	2.9560E+00
	2.9982E+00
	3.0410E+00
	3.0843E+00
	3.1283E+00
	3.1729E+00
	3.2182E+00
	3.2641E+00
	3.3107E+00
	3.3579E+00
	3.4058E+00
	3.4543E+00
	3.5036E+00
	3.5536E+00
	3.6043E+00
	3.6557E+00
	3.7078E+00
	3.7607E+00
	3.8143E+00
	3.8687E+00
	3.9239E+00
	3.9799E+00
	4.0367E+00
	4.0942E+00
	4.1526E+00
	4.2119E+00
	4.2719E+00
	4.3329E+00
	4.3947E+00
	4.4573E+00
	4.5209E+00
	4.5854E+00
	4.6508E+00
	4.7171E+00
	4.7844E+00
	4.8526E+00
	4.9219E+00
	4.9921E+00
	5.0633E+00
	5.1355E+00
	5.2087E+00
	5.2830E+00
	5.3584E+00
	5.4348E+00
	5.5123E+00
	5.5909E+00
	5.6707E+00
	5.7515E+00
	5.8336E+00
	5.9168E+00
	6.0012E+00
	6.0868E+00
	6.1736E+00
	6.2616E+00
	6.3509E+00
	6.4415E+00
	6.5334E+00
	6.6266E+00
	6.7211E+00
	6.8170E+00
	6.9142E+00
	7.0128E+00
	7.1128E+00
	7.2143E+00
	7.3172E+00
	7.4215E+00
	7.5274E+00
	7.6348E+00
	7.7436E+00
	7.8541E+00
	7.9661E+00
	8.0797E+00
	8.1950E+00
	8.3119E+00
	8.4304E+00
	8.5506E+00
	8.6726E+00
	8.7963E+00
	8.9218E+00
	9.0490E+00
	9.1781E+00
	9.3090E+00
	9.4418E+00
	9.5764E+00
	9.7130E+00
	9.8515E+00
	9.9921E+00
	1.0135E+01
	1.0279E+01
	1.0426E+01
	1.0574E+01
	1.0725E+01
	1.0878E+01
	1.1033E+01
	1.1191E+01
	1.1350E+01
	1.1512E+01
	1.1676E+01
	1.1843E+01
	1.2012E+01
	1.2183E+01
	1.2357E+01
	1.2533E+01
	1.2712E+01
	1.2893E+01
	1.3077E+01
	1.3264E+01
	1.3453E+01
	1.3645E+01
	1.3839E+01
	1.4037E+01
	1.4237E+01
	1.4440E+01
	1.4646E+01
	1.4855E+01
	1.5067E+01
	1.5282E+01
	1.5500E+01
	1.5721E+01
	1.5945E+01
	1.6172E+01
	1.6403E+01
	1.6637E+01
	1.6874E+01
	1.7115E+01
	1.7359E+01
	1.7607E+01
	1.7858E+01
	1.8112E+01
	1.8371E+01
	1.8633E+01
	1.8899E+01
	1.9168E+01
	1.9441E+01
	1.9719E+01
	2.0000E+01
